Size_window=800;500
Size_tiles=40;25
(0, 0);['O', 0]
(1, 0);['O', 0]
(2, 0);['O', 0]
(3, 0);['O', 0]
(4, 0);['O', 0]
(5, 0);['O', 0]
(7, 0);['O', 0]
(6, 0);['O', 0]
(8, 0);['O', 0]
(10, 0);['S', 0]
(11, 0);['O', 0]
(9, 0);['S', 0]
(12, 0);['O', 0]
(13, 0);['O', 0]
(14, 0);['O', 0]
(15, 0);['O', 0]
(17, 0);['O', 0]
(18, 0);['O', 0]
(16, 0);['O', 0]
(19, 0);['O', 0]
(20, 0);['O', 0]
(21, 0);['O', 0]
(22, 0);['O', 0]
(23, 0);['O', 0]
(24, 0);['O', 0]
(24, 1);['O', 0]
(24, 2);['O', 0]
(24, 3);['O', 0]
(24, 4);['O', 0]
(24, 5);['O', 0]
(24, 6);['O', 0]
(24, 7);['O', 0]
(24, 8);['O', 0]
(24, 9);['O', 0]
(24, 10);['O', 0]
(24, 11);['O', 0]
(24, 12);['O', 0]
(24, 13);['O', 0]
(24, 14);['O', 0]
(24, 15);['O', 0]
(24, 16);['O', 0]
(24, 18);['O', 0]
(24, 17);['O', 0]
(24, 20);['O', 0]
(24, 19);['O', 0]
(24, 21);['O', 0]
(24, 23);['O', 0]
(24, 22);['O', 0]
(24, 25);['O', 0]
(24, 24);['O', 0]
(24, 26);['O', 0]
(24, 27);['O', 0]
(24, 28);['O', 0]
(24, 29);['O', 0]
(24, 30);['O', 0]
(24, 31);['O', 0]
(24, 32);['O', 0]
(24, 33);['O', 0]
(24, 34);['O', 0]
(24, 35);['O', 0]
(24, 36);['O', 0]
(24, 37);['O', 0]
(24, 38);['O', 0]
(24, 39);['O', 0]
(23, 39);['O', 0]
(22, 39);['O', 0]
(21, 39);['O', 0]
(20, 39);['O', 0]
(19, 39);['O', 0]
(18, 39);['O', 0]
(17, 39);['O', 0]
(16, 39);['O', 0]
(15, 39);['O', 0]
(14, 39);['O', 0]
(13, 39);['O', 0]
(12, 39);['O', 0]
(11, 39);['O', 0]
(10, 39);['O', 0]
(9, 39);['O', 0]
(8, 39);['O', 0]
(7, 39);['O', 0]
(5, 39);['O', 0]
(6, 39);['O', 0]
(3, 39);['O', 0]
(4, 39);['O', 0]
(2, 39);['O', 0]
(1, 39);['O', 0]
(0, 39);['O', 0]
(0, 38);['O', 0]
(0, 37);['O', 0]
(0, 36);['O', 0]
(0, 35);['O', 0]
(0, 34);['O', 0]
(0, 32);['O', 0]
(0, 33);['O', 0]
(0, 31);['O', 0]
(0, 29);['O', 0]
(0, 30);['O', 0]
(0, 28);['O', 0]
(0, 27);['O', 0]
(0, 26);['O', 0]
(0, 25);['O', 0]
(0, 24);['O', 0]
(0, 23);['O', 0]
(0, 21);['O', 0]
(0, 22);['O', 0]
(0, 20);['O', 0]
(0, 19);['O', 0]
(0, 18);['O', 0]
(0, 17);['O', 0]
(0, 16);['O', 0]
(0, 15);['O', 0]
(0, 14);['O', 0]
(0, 13);['O', 0]
(0, 12);['O', 0]
(0, 11);['O', 0]
(0, 10);['O', 0]
(0, 9);['O', 0]
(0, 8);['O', 0]
(0, 7);['O', 0]
(0, 6);['O', 0]
(0, 5);['O', 0]
(0, 3);['O', 0]
(0, 2);['O', 0]
(0, 1);['O', 0]
(0, 4);['O', 0]
(1, 1);['O', 0]
(2, 1);['O', 0]
(3, 1);['O', 0]
(4, 1);['O', 0]
(5, 1);['O', 0]
(6, 1);['O', 0]
(7, 1);['O', 0]
(8, 1);['O', 0]
(9, 1);['S', 0]
(10, 1);['S', 0]
(11, 1);['O', 0]
(12, 1);['O', 0]
(13, 1);['O', 0]
(14, 1);['O', 0]
(15, 1);['O', 0]
(16, 1);['O', 0]
(17, 1);['O', 0]
(18, 1);['O', 0]
(19, 1);['O', 0]
(20, 1);['O', 0]
(21, 1);['O', 0]
(22, 1);['O', 0]
(23, 1);['O', 0]
(23, 2);['O', 0]
(23, 3);['O', 0]
(23, 4);['O', 0]
(23, 5);['O', 0]
(23, 6);['O', 0]
(23, 8);['O', 0]
(23, 7);['O', 0]
(23, 9);['O', 0]
(23, 11);['O', 0]
(23, 10);['O', 0]
(23, 12);['O', 0]
(23, 13);['O', 0]
(23, 14);['O', 0]
(23, 15);['O', 0]
(23, 16);['O', 0]
(23, 17);['O', 0]
(23, 18);['O', 0]
(23, 19);['O', 0]
(23, 20);['O', 0]
(23, 21);['O', 0]
(23, 22);['O', 0]
(23, 23);['O', 0]
(23, 24);['O', 0]
(23, 25);['O', 0]
(23, 26);['O', 0]
(23, 27);['O', 0]
(23, 28);['O', 0]
(23, 29);['O', 0]
(23, 30);['O', 0]
(23, 31);['O', 0]
(23, 32);['O', 0]
(23, 33);['O', 0]
(23, 34);['O', 0]
(23, 35);['O', 0]
(23, 36);['O', 0]
(23, 37);['O', 0]
(23, 38);['O', 0]
(21, 38);['O', 0]
(22, 38);['O', 0]
(20, 38);['O', 0]
(19, 38);['O', 0]
(18, 38);['O', 0]
(17, 38);['O', 0]
(16, 38);['O', 0]
(15, 38);['O', 0]
(14, 38);['O', 0]
(13, 38);['O', 0]
(12, 38);['O', 0]
(11, 38);['O', 0]
(10, 38);['O', 0]
(9, 38);['O', 0]
(8, 38);['O', 0]
(7, 38);['O', 0]
(6, 38);['O', 0]
(5, 38);['O', 0]
(4, 38);['O', 0]
(3, 38);['O', 0]
(2, 38);['O', 0]
(1, 38);['O', 0]
(1, 37);['O', 0]
(1, 35);['O', 0]
(1, 36);['O', 0]
(1, 34);['O', 0]
(1, 33);['O', 0]
(1, 31);['O', 0]
(1, 32);['O', 0]
(1, 29);['O', 0]
(1, 28);['O', 0]
(1, 30);['O', 0]
(1, 27);['O', 0]
(1, 26);['O', 0]
(1, 25);['O', 0]
(1, 24);['O', 0]
(1, 23);['O', 0]
(1, 22);['O', 0]
(1, 21);['O', 0]
(1, 20);['O', 0]
(1, 19);['O', 0]
(1, 18);['O', 0]
(1, 17);['O', 0]
(1, 16);['O', 0]
(1, 15);['O', 0]
(1, 14);['O', 0]
(1, 12);['O', 0]
(1, 13);['O', 0]
(1, 11);['O', 0]
(1, 10);['O', 0]
(1, 9);['O', 0]
(1, 8);['O', 0]
(1, 7);['O', 0]
(1, 6);['O', 0]
(1, 5);['O', 0]
(1, 4);['O', 0]
(1, 3);['O', 0]
(1, 2);['O', 0]
(-2, 17);['F', 3]
(-1, 14);['F', 4]
(-1, 20);['F', 4]
(-1, 28);['F', 3]
(2, 14);['F', 4]
(3, 16);['F', 4]
(3, 18);['F', 4]
(3, 31);['F', 2]
(3, 36);['F', 1]
(4, 8);['F', 3]
(4, 18);['F', 4]
(5, 25);['F', 4]
(5, 29);['F', 4]
(5, 36);['F', 2]
(6, 8);['F', 4]
(6, 10);['F', 4]
(6, 14);['F', 4]
(6, 17);['F', 4]
(6, 22);['F', 4]
(6, 30);['F', 4]
(6, 36);['F', 2]
(7, 12);['F', 4]
(7, 15);['F', 4]
(7, 17);['F', 4]
(7, 22);['F', 4]
(7, 27);['F', 4]
(7, 29);['F', 4]
(7, 31);['F', 4]
(7, 36);['F', 2]
(8, 13);['F', 4]
(8, 18);['F', 4]
(8, 36);['F', 2]
(9, 8);['F', 4]
(9, 10);['F', 4]
(9, 11);['F', 4]
(9, 13);['F', 4]
(9, 18);['F', 4]
(9, 23);['F', 4]
(9, 24);['F', 4]
(9, 31);['F', 4]
(10, 10);['F', 4]
(10, 14);['F', 4]
(10, 15);['F', 4]
(10, 17);['F', 4]
(10, 18);['F', 4]
(10, 22);['F', 4]
(10, 23);['F', 4]
(10, 24);['F', 4]
(10, 25);['F', 4]
(10, 27);['F', 4]
(10, 29);['F', 4]
(10, 30);['F', 4]
(10, 31);['F', 4]
(10, 32);['F', 4]
(10, 35);['F', 2]
(10, 36);['F', 2]
(11, 8);['F', 4]
(11, 9);['F', 4]
(11, 10);['F', 4]
(11, 11);['F', 4]
(11, 12);['F', 4]
(11, 13);['F', 4]
(11, 14);['F', 4]
(11, 15);['F', 4]
(11, 16);['F', 4]
(11, 17);['F', 4]
(11, 18);['F', 4]
(11, 19);['F', 4]
(11, 20);['F', 4]
(11, 21);['F', 4]
(11, 22);['F', 4]
(11, 23);['F', 4]
(11, 24);['F', 4]
(11, 25);['F', 4]
(11, 26);['F', 4]
(11, 27);['F', 4]
(11, 28);['F', 4]
(11, 29);['F', 4]
(11, 30);['F', 4]
(11, 31);['F', 4]
(11, 32);['F', 4]
(11, 33);['F', 3]
(11, 34);['F', 3]
(11, 35);['F', 2]
(11, 36);['F', 2]
(12, 8);['F', 4]
(12, 10);['F', 4]
(12, 12);['F', 4]
(12, 13);['F', 4]
(12, 14);['F', 4]
(12, 15);['F', 4]
(12, 16);['F', 4]
(12, 19);['F', 4]
(12, 22);['F', 4]
(12, 23);['F', 4]
(12, 26);['F', 4]
(12, 28);['F', 4]
(12, 31);['F', 4]
(12, 33);['F', 3]
(12, 34);['F', 3]
(12, 35);['F', 2]
(13, 15);['F', 4]
(13, 19);['F', 4]
(13, 20);['F', 4]
(13, 21);['F', 4]
(13, 23);['F', 4]
(13, 25);['F', 4]
(13, 30);['F', 4]
(13, 35);['F', 2]
(13, 36);['F', 2]
(14, 10);['F', 4]
(14, 18);['F', 4]
(14, 23);['F', 4]
(14, 27);['F', 4]
(14, 33);['F', 3]
(14, 36);['F', 2]
(15, 9);['F', 4]
(15, 14);['F', 4]
(15, 25);['F', 4]
(15, 27);['F', 4]
(15, 29);['F', 4]
(16, 20);['F', 4]
(16, 22);['F', 4]
(16, 23);['F', 4]
(16, 28);['F', 4]
(16, 34);['F', 3]
(16, 36);['F', 2]
(17, 16);['F', 4]
(17, 23);['F', 4]
(17, 29);['F', 4]
(17, 30);['F', 4]
(18, 16);['F', 4]
(18, 18);['F', 4]
(18, 19);['F', 4]
(18, 23);['F', 4]
(19, 8);['F', 4]
(19, 36);['F', 2]
(20, 16);['F', 4]
(20, 19);['F', 4]
(20, 27);['F', 4]
(20, 29);['F', 4]
(20, 31);['F', 4]
(20, 33);['F', 3]
(21, 25);['F', 4]
(21, 30);['F', 4]
(21, 34);['F', 3]
(21, 35);['F', 2]
(22, 19);['F', 4]
(22, 35);['F', 2]
(-3, 4);['F', 1]
(-2, 6);['F', 1]
(-2, 12);['F', 1]
(-2, 18);['F', 2]
(-2, 30);['F', 1]
(2, 17);['F', 3]
(2, 20);['F', 3]
(2, 28);['F', 2]
(2, 31);['F', 1]
(4, 11);['F', 3]
(4, 12);['F', 3]
(4, 16);['F', 4]
(5, 4);['F', 2]
(5, 6);['F', 3]
(5, 15);['F', 4]
(5, 17);['F', 4]
(5, 21);['F', 4]
(5, 22);['F', 4]
(5, 26);['F', 4]
(6, 13);['F', 4]
(6, 25);['F', 4]
(6, 28);['F', 4]
(6, 31);['F', 3]
(7, 11);['F', 4]
(7, 19);['F', 4]
(7, 25);['F', 4]
(8, 10);['F', 4]
(8, 11);['F', 4]
(8, 19);['F', 4]
(8, 21);['F', 4]
(8, 23);['F', 4]
(8, 25);['F', 4]
(8, 28);['F', 4]
(8, 32);['F', 3]
(9, 9);['F', 3]
(9, 12);['F', 4]
(9, 14);['F', 4]
(9, 17);['F', 4]
(9, 26);['F', 4]
(9, 32);['F', 3]
(10, 4);['F', 2]
(10, 7);['F', 3]
(10, 8);['F', 3]
(10, 12);['F', 4]
(10, 19);['F', 4]
(10, 21);['F', 4]
(10, 28);['F', 4]
(11, 4);['F', 2]
(11, 5);['F', 2]
(11, 6);['F', 3]
(11, 7);['F', 3]
(12, 4);['F', 2]
(12, 5);['F', 2]
(12, 6);['F', 3]
(12, 17);['F', 4]
(12, 18);['F', 4]
(12, 25);['F', 4]
(13, 4);['F', 2]
(13, 6);['F', 3]
(13, 7);['F', 3]
(13, 8);['F', 3]
(13, 9);['F', 3]
(13, 10);['F', 4]
(13, 11);['F', 4]
(13, 13);['F', 4]
(13, 17);['F', 4]
(13, 18);['F', 4]
(13, 28);['F', 4]
(13, 29);['F', 3]
(13, 31);['F', 3]
(14, 4);['F', 2]
(14, 7);['F', 3]
(14, 8);['F', 3]
(14, 9);['F', 3]
(14, 16);['F', 4]
(14, 20);['F', 4]
(14, 22);['F', 4]
(14, 24);['F', 4]
(14, 25);['F', 4]
(15, 5);['F', 2]
(15, 7);['F', 3]
(15, 12);['F', 4]
(15, 24);['F', 4]
(15, 30);['F', 3]
(16, 8);['F', 3]
(16, 11);['F', 4]
(16, 17);['F', 4]
(17, 22);['F', 4]
(18, 9);['F', 3]
(18, 13);['F', 4]
(18, 15);['F', 4]
(18, 28);['F', 4]
(18, 30);['F', 3]
(19, 12);['F', 4]
(19, 27);['F', 4]
(20, 4);['F', 2]
(21, 8);['F', 3]
(22, 13);['F', 4]
(22, 23);['F', 4]
(22, 30);['F', 3]
(25, 23);['F', 3]
(25, 28);['F', 3]
(-1, 3);['F', 1]
(-1, 5);['F', 1]
(2, 26);['F', 2]
(3, 13);['F', 2]
(3, 19);['F', 2]
(4, 28);['F', 2]
(5, 12);['F', 3]
(5, 19);['F', 4]
(6, 3);['F', 1]
(6, 18);['F', 4]
(6, 21);['F', 4]
(7, 2);['F', 1]
(7, 8);['F', 2]
(7, 9);['F', 2]
(8, 8);['F', 2]
(8, 22);['F', 4]
(8, 24);['F', 4]
(8, 26);['F', 4]
(10, 2);['F', 1]
(10, 3);['F', 1]
(10, 6);['F', 2]
(10, 13);['F', 4]
(10, 26);['F', 4]
(12, 3);['F', 1]
(12, 7);['F', 2]
(12, 9);['F', 2]
(12, 11);['F', 3]
(12, 20);['F', 4]
(12, 24);['F', 4]
(13, 2);['F', 1]
(13, 3);['F', 1]
(13, 5);['F', 1]
(13, 12);['F', 3]
(13, 14);['F', 4]
(13, 16);['F', 4]
(13, 22);['F', 4]
(13, 24);['F', 4]
(13, 26);['F', 4]
(13, 27);['F', 4]
(14, 2);['F', 1]
(14, 3);['F', 1]
(14, 6);['F', 2]
(14, 12);['F', 3]
(14, 14);['F', 4]
(14, 17);['F', 4]
(14, 19);['F', 4]
(14, 21);['F', 4]
(15, 3);['F', 1]
(15, 8);['F', 2]
(15, 10);['F', 3]
(15, 16);['F', 4]
(15, 19);['F', 4]
(15, 20);['F', 4]
(15, 22);['F', 4]
(16, 7);['F', 2]
(16, 9);['F', 2]
(16, 12);['F', 3]
(16, 15);['F', 4]
(17, 4);['F', 1]
(17, 6);['F', 2]
(17, 17);['F', 4]
(17, 28);['F', 3]
(18, 17);['F', 4]
(18, 24);['F', 4]
(19, 3);['F', 1]
(19, 18);['F', 4]
(20, 18);['F', 4]
(20, 26);['F', 4]
(21, 5);['F', 1]
(21, 10);['F', 3]
(22, 12);['F', 3]
(22, 15);['F', 4]
(22, 18);['F', 4]
(22, 26);['F', 4]
(25, 4);['F', 0]
(25, 5);['F', 0]
(26, 9);['F', 1]
(26, 15);['F', 2]
(26, 19);['F', 2]
(27, 12);['F', 2]
(27, 18);['F', 2]
(5, 28);['F', 2]
(5, 34);['F', 2]
(7, 33);['F', 2]
(8, 7);['F', 1]
(10, 33);['F', 2]
(12, 27);['F', 3]
(13, 32);['F', 2]
(14, 29);['F', 2]
(14, 34);['F', 2]
(15, 31);['F', 2]
(15, 33);['F', 2]
(16, 14);['F', 3]
(16, 19);['F', 3]
(16, 30);['F', 2]
(16, 31);['F', 2]
(17, 9);['F', 1]
(17, 11);['F', 2]
(17, 20);['F', 3]
(17, 27);['F', 3]
(17, 31);['F', 2]
(18, 10);['F', 2]
(18, 11);['F', 2]
(18, 12);['F', 2]
(18, 20);['F', 3]
(18, 21);['F', 3]
(18, 25);['F', 3]
(18, 26);['F', 3]
(18, 33);['F', 2]
(18, 34);['F', 2]
(19, 6);['F', 1]
(19, 7);['F', 1]
(19, 9);['F', 1]
(19, 10);['F', 2]
(19, 11);['F', 2]
(19, 13);['F', 3]
(19, 14);['F', 3]
(19, 15);['F', 3]
(19, 16);['F', 3]
(19, 17);['F', 3]
(19, 19);['F', 3]
(19, 20);['F', 3]
(19, 21);['F', 3]
(19, 22);['F', 3]
(19, 23);['F', 3]
(19, 24);['F', 3]
(19, 25);['F', 3]
(19, 26);['F', 3]
(19, 28);['F', 2]
(19, 29);['F', 2]
(19, 30);['F', 2]
(19, 31);['F', 2]
(19, 32);['F', 2]
(19, 33);['F', 2]
(19, 34);['F', 2]
(20, 7);['F', 1]
(20, 8);['F', 1]
(20, 10);['F', 2]
(20, 13);['F', 3]
(20, 20);['F', 3]
(20, 21);['F', 3]
(20, 24);['F', 3]
(20, 25);['F', 3]
(20, 32);['F', 2]
(21, 20);['F', 3]
(21, 22);['F', 3]
(21, 27);['F', 3]
(21, 28);['F', 2]
(21, 33);['F', 2]
(22, 8);['F', 1]
(22, 14);['F', 3]
(22, 21);['F', 3]
(22, 25);['F', 3]
(22, 28);['F', 2]
(25, 6);['F', 0]
(25, 13);['F', 1]
(25, 19);['F', 1]
(25, 34);['F', 1]
(26, 13);['F', 1]
(26, 18);['F', 1]
(26, 22);['F', 1]
(26, 27);['F', 1]
(27, 7);['F', 0]
(27, 22);['F', 1]
(27, 24);['F', 1]
(28, 11);['F', 1]
(28, 12);['F', 1]
(28, 20);['F', 1]
(28, 24);['F', 1]
(28, 34);['F', 1]
(30, 23);['F', 1]
(31, 32);['F', 1]
(31, 33);['F', 1]
(32, 21);['F', 1]
(33, 32);['F', 0]
(4, 22);['F', 2]
(4, 36);['F', 1]
(5, 31);['F', 1]
(6, 35);['F', 1]
(6, 37);['F', 1]
(7, 23);['F', 2]
(7, 28);['F', 1]
(7, 34);['F', 1]
(7, 35);['F', 1]
(7, 37);['F', 1]
(8, 31);['F', 1]
(9, 20);['F', 2]
(9, 28);['F', 1]
(9, 33);['F', 1]
(9, 36);['F', 1]
(13, 34);['F', 1]
(13, 37);['F', 1]
(14, 15);['F', 2]
(15, 11);['F', 1]
(15, 21);['F', 2]
(15, 23);['F', 2]
(15, 26);['F', 2]
(15, 32);['F', 1]
(15, 34);['F', 1]
(15, 35);['F', 1]
(15, 36);['F', 1]
(16, 16);['F', 2]
(16, 18);['F', 2]
(16, 21);['F', 2]
(16, 25);['F', 2]
(16, 35);['F', 1]
(16, 37);['F', 1]
(17, 19);['F', 2]
(17, 24);['F', 2]
(17, 25);['F', 2]
(17, 32);['F', 1]
(17, 34);['F', 1]
(17, 35);['F', 1]
(17, 36);['F', 1]
(18, 14);['F', 2]
(18, 22);['F', 2]
(18, 27);['F', 2]
(18, 29);['F', 1]
(18, 31);['F', 1]
(18, 32);['F', 1]
(18, 35);['F', 1]
(18, 36);['F', 1]
(18, 37);['F', 1]
(19, 37);['F', 1]
(20, 15);['F', 2]
(20, 17);['F', 2]
(20, 23);['F', 2]
(20, 34);['F', 1]
(20, 35);['F', 1]
(21, 18);['F', 2]
(21, 37);['F', 1]
(22, 16);['F', 2]
(22, 22);['F', 2]
(22, 29);['F', 1]
(22, 32);['F', 1]
(25, 29);['F', 0]
(26, 10);['F', 0]
(26, 25);['F', 0]
(28, 29);['F', 0]
(28, 36);['F', 0]
(29, 13);['F', 0]
(29, 14);['F', 0]
(29, 19);['F', 0]
(29, 33);['F', 0]
(30, 22);['F', 0]
(32, 12);['F', 0]
(32, 14);['F', 0]
(32, 35);['F', 0]
(-5, 38);['F', 0]
(-5, 41);['F', 0]
(-4, 14);['F', 1]
(-3, 20);['F', 1]
(-3, 27);['F', 1]
(-3, 36);['F', 0]
(-2, 25);['F', 1]
(-2, 39);['F', 0]
(-2, 40);['F', 0]
(-2, 41);['F', 0]
(-1, 18);['F', 1]
(-1, 23);['F', 1]
(-1, 39);['F', 0]
(2, 16);['F', 1]
(3, 15);['F', 1]
(3, 32);['F', 0]
(4, 14);['F', 1]
(4, 20);['F', 1]
(5, 20);['F', 1]
(5, 27);['F', 1]
(5, 37);['F', 0]
(6, 16);['F', 1]
(6, 27);['F', 1]
(6, 29);['F', 0]
(6, 33);['F', 0]
(7, 13);['F', 1]
(7, 16);['F', 1]
(7, 20);['F', 1]
(7, 26);['F', 1]
(8, 14);['F', 1]
(8, 17);['F', 1]
(8, 20);['F', 1]
(8, 29);['F', 0]
(8, 30);['F', 0]
(8, 33);['F', 0]
(8, 34);['F', 0]
(8, 35);['F', 0]
(8, 41);['F', 0]
(9, 15);['F', 1]
(9, 16);['F', 1]
(9, 19);['F', 1]
(9, 21);['F', 1]
(9, 22);['F', 1]
(9, 25);['F', 1]
(9, 27);['F', 1]
(9, 29);['F', 0]
(9, 30);['F', 0]
(9, 34);['F', 0]
(9, 35);['F', 0]
(9, 37);['F', 0]
(9, 40);['F', 0]
(9, 41);['F', 0]
(10, 34);['F', 0]
(10, 37);['F', 0]
(10, 41);['F', 0]
(11, 37);['F', 0]
(12, 29);['F', 0]
(12, 30);['F', 0]
(13, 33);['F', 0]
(15, 41);['F', 0]
(16, 40);['F', 0]
(17, 40);['F', 0]
(18, 41);['F', 0]
(21, 24);['F', 1]
(21, 40);['F', 0]
(22, 41);['F', 0]
(-6, 11);['F', 0]
(-6, 23);['F', 0]
(-6, 27);['F', 0]
(-5, 16);['F', 0]
(-5, 22);['F', 0]
(-5, 23);['F', 0]
(-4, 22);['F', 0]
(-3, 5);['F', 0]
(-3, 24);['F', 0]
(-2, 16);['F', 0]
(-1, 11);['F', 0]
(-1, 13);['F', 0]
(-1, 16);['F', 0]
(2, -1);['F', 0]
(2, 5);['F', 0]
(2, 8);['F', 0]
(2, 22);['F', 0]
(2, 25);['F', 0]
(3, 3);['F', 0]
(3, 10);['F', 0]
(3, 22);['F', 0]
(4, 3);['F', 0]
(4, 5);['F', 0]
(4, 9);['F', 0]
(4, 10);['F', 0]
(4, 13);['F', 0]
(4, 24);['F', 0]
(4, 25);['F', 0]
(4, 27);['F', 0]
(5, 2);['F', 0]
(5, 9);['F', 0]
(5, 10);['F', 0]
(5, 16);['F', 0]
(5, 24);['F', 0]
(6, 6);['F', 0]
(6, 7);['F', 0]
(6, 9);['F', 0]
(6, 15);['F', 0]
(7, -1);['F', 0]
(7, 4);['F', 0]
(7, 5);['F', 0]
(7, 6);['F', 0]
(7, 10);['F', 0]
(8, -1);['F', 0]
(8, 2);['F', 0]
(8, 3);['F', 0]
(8, 4);['F', 0]
(8, 5);['F', 0]
(8, 6);['F', 0]
(8, 9);['F', 0]
(8, 12);['F', 0]
(8, 15);['F', 0]
(8, 16);['F', 0]
(8, 27);['F', 0]
(9, -1);['F', 0]
(9, 3);['F', 0]
(9, 4);['F', 0]
(10, -1);['F', 0]
(10, 5);['F', 0]
(11, -1);['F', 0]
(14, -1);['F', 0]
(14, 13);['F', 0]
(15, -1);['F', 0]
(16, -1);['F', 0]
(16, 6);['F', 0]
(16, 26);['F', 0]
(17, 13);['F', 0]
(18, -1);['F', 0]
(21, 15);['F', 0]