Size_window=800;500
Size_tiles=40;25
(0, 0);['O', 0]
(1, 0);['O', 0]
(2, 0);['O', 0]
(3, 0);['O', 0]
(4, 0);['O', 0]
(5, 0);['O', 0]
(7, 0);['O', 0]
(6, 0);['O', 0]
(8, 0);['O', 0]
(10, 0);['S', 0]
(11, 0);['O', 0]
(9, 0);['S', 0]
(12, 0);['O', 0]
(13, 0);['O', 0]
(14, 0);['O', 0]
(15, 0);['O', 0]
(17, 0);['O', 0]
(18, 0);['O', 0]
(16, 0);['O', 0]
(19, 0);['O', 0]
(20, 0);['O', 0]
(21, 0);['O', 0]
(22, 0);['O', 0]
(23, 0);['O', 0]
(24, 0);['O', 0]
(24, 1);['O', 0]
(24, 2);['O', 0]
(24, 3);['O', 0]
(24, 4);['O', 0]
(24, 5);['O', 0]
(24, 6);['O', 0]
(24, 7);['O', 0]
(24, 8);['O', 0]
(24, 9);['O', 0]
(24, 10);['O', 0]
(24, 11);['O', 0]
(24, 12);['O', 0]
(24, 13);['O', 0]
(24, 14);['O', 0]
(24, 15);['O', 0]
(24, 16);['O', 0]
(24, 18);['O', 0]
(24, 17);['O', 0]
(24, 20);['O', 0]
(24, 19);['O', 0]
(24, 21);['O', 0]
(24, 23);['O', 0]
(24, 22);['O', 0]
(24, 25);['O', 0]
(24, 24);['O', 0]
(24, 26);['O', 0]
(24, 27);['O', 0]
(24, 28);['O', 0]
(24, 29);['O', 0]
(24, 30);['O', 0]
(24, 31);['O', 0]
(24, 32);['O', 0]
(24, 33);['O', 0]
(24, 34);['O', 0]
(24, 35);['O', 0]
(24, 36);['O', 0]
(24, 37);['O', 0]
(24, 38);['O', 0]
(24, 39);['O', 0]
(23, 39);['O', 0]
(22, 39);['O', 0]
(21, 39);['O', 0]
(20, 39);['O', 0]
(19, 39);['O', 0]
(18, 39);['O', 0]
(17, 39);['O', 0]
(16, 39);['O', 0]
(15, 39);['O', 0]
(14, 39);['O', 0]
(13, 39);['O', 0]
(12, 39);['O', 0]
(11, 39);['O', 0]
(10, 39);['O', 0]
(9, 39);['O', 0]
(8, 39);['O', 0]
(7, 39);['O', 0]
(5, 39);['O', 0]
(6, 39);['O', 0]
(3, 39);['O', 0]
(4, 39);['O', 0]
(2, 39);['O', 0]
(1, 39);['O', 0]
(0, 39);['O', 0]
(0, 38);['O', 0]
(0, 37);['O', 0]
(0, 36);['O', 0]
(0, 35);['O', 0]
(0, 34);['O', 0]
(0, 32);['O', 0]
(0, 33);['O', 0]
(0, 31);['O', 0]
(0, 29);['O', 0]
(0, 30);['O', 0]
(0, 28);['O', 0]
(0, 27);['O', 0]
(0, 26);['O', 0]
(0, 25);['O', 0]
(0, 24);['O', 0]
(0, 23);['O', 0]
(0, 21);['O', 0]
(0, 22);['O', 0]
(0, 20);['O', 0]
(0, 19);['O', 0]
(0, 18);['O', 0]
(0, 17);['O', 0]
(0, 16);['O', 0]
(0, 15);['O', 0]
(0, 14);['O', 0]
(0, 13);['O', 0]
(0, 12);['O', 0]
(0, 11);['O', 0]
(0, 10);['O', 0]
(0, 9);['O', 0]
(0, 8);['O', 0]
(0, 7);['O', 0]
(0, 6);['O', 0]
(0, 5);['O', 0]
(0, 3);['O', 0]
(0, 2);['O', 0]
(0, 1);['O', 0]
(0, 4);['O', 0]
(1, 1);['O', 0]
(2, 1);['O', 0]
(3, 1);['O', 0]
(4, 1);['O', 0]
(5, 1);['O', 0]
(6, 1);['O', 0]
(7, 1);['O', 0]
(8, 1);['O', 0]
(9, 1);['S', 0]
(10, 1);['S', 0]
(11, 1);['O', 0]
(12, 1);['O', 0]
(13, 1);['O', 0]
(14, 1);['O', 0]
(15, 1);['O', 0]
(16, 1);['O', 0]
(17, 1);['O', 0]
(18, 1);['O', 0]
(19, 1);['O', 0]
(20, 1);['O', 0]
(21, 1);['O', 0]
(22, 1);['O', 0]
(23, 1);['O', 0]
(23, 2);['O', 0]
(23, 3);['O', 0]
(23, 4);['O', 0]
(23, 5);['O', 0]
(23, 6);['O', 0]
(23, 8);['O', 0]
(23, 7);['O', 0]
(23, 9);['O', 0]
(23, 11);['O', 0]
(23, 10);['O', 0]
(23, 12);['O', 0]
(23, 13);['O', 0]
(23, 14);['O', 0]
(23, 15);['O', 0]
(23, 16);['O', 0]
(23, 17);['O', 0]
(23, 18);['O', 0]
(23, 19);['O', 0]
(23, 20);['O', 0]
(23, 21);['O', 0]
(23, 22);['O', 0]
(23, 23);['O', 0]
(23, 24);['O', 0]
(23, 25);['O', 0]
(23, 26);['O', 0]
(23, 27);['O', 0]
(23, 28);['O', 0]
(23, 29);['O', 0]
(23, 30);['O', 0]
(23, 31);['O', 0]
(23, 32);['O', 0]
(23, 33);['O', 0]
(23, 34);['O', 0]
(23, 35);['O', 0]
(23, 36);['O', 0]
(23, 37);['O', 0]
(23, 38);['O', 0]
(21, 38);['O', 0]
(22, 38);['O', 0]
(20, 38);['O', 0]
(19, 38);['O', 0]
(18, 38);['O', 0]
(17, 38);['O', 0]
(16, 38);['O', 0]
(15, 38);['O', 0]
(14, 38);['O', 0]
(13, 38);['O', 0]
(12, 38);['O', 0]
(11, 38);['O', 0]
(10, 38);['O', 0]
(9, 38);['O', 0]
(8, 38);['O', 0]
(7, 38);['O', 0]
(6, 38);['O', 0]
(5, 38);['O', 0]
(4, 38);['O', 0]
(3, 38);['O', 0]
(2, 38);['O', 0]
(1, 38);['O', 0]
(1, 37);['O', 0]
(1, 35);['O', 0]
(1, 36);['O', 0]
(1, 34);['O', 0]
(1, 33);['O', 0]
(1, 31);['S', 0]
(1, 32);['O', 0]
(1, 29);['O', 0]
(1, 28);['O', 0]
(1, 30);['S', 0]
(1, 27);['O', 0]
(1, 26);['O', 0]
(1, 25);['O', 0]
(1, 24);['O', 0]
(1, 23);['O', 0]
(1, 22);['O', 0]
(1, 21);['O', 0]
(1, 20);['O', 0]
(1, 19);['O', 0]
(1, 18);['O', 0]
(1, 17);['O', 0]
(1, 16);['O', 0]
(1, 15);['O', 0]
(1, 14);['O', 0]
(1, 12);['O', 0]
(1, 13);['O', 0]
(1, 11);['O', 0]
(1, 10);['O', 0]
(1, 9);['O', 0]
(1, 8);['O', 0]
(1, 7);['O', 0]
(1, 6);['O', 0]
(1, 5);['O', 0]
(1, 4);['O', 0]
(1, 3);['O', 0]
(1, 2);['O', 0]
(11, 3);['O', 0]
(11, 4);['O', 0]
(11, 2);['O', 0]
(12, 2);['O', 0]
(12, 3);['O', 0]
(12, 4);['O', 0]
(13, 4);['O', 0]
(13, 2);['O', 0]
(13, 3);['O', 0]
(14, 2);['O', 0]
(14, 3);['O', 0]
(14, 4);['O', 0]
(9, 6);['O', 0]
(8, 6);['O', 0]
(8, 5);['O', 0]
(7, 5);['O', 0]
(7, 6);['O', 0]
(6, 6);['O', 0]
(6, 5);['O', 0]
(5, 5);['O', 0]
(5, 6);['O', 0]
(4, 6);['O', 0]
(4, 5);['O', 0]
(4, 4);['O', 0]
(10, 8);['O', 0]
(11, 8);['O', 0]
(12, 8);['O', 0]
(13, 8);['O', 0]
(14, 8);['O', 0]
(15, 8);['O', 0]
(15, 9);['O', 0]
(14, 9);['O', 0]
(13, 9);['O', 0]
(12, 9);['O', 0]
(11, 9);['O', 0]
(10, 9);['O', 0]
(15, 10);['O', 0]
(15, 11);['O', 0]
(15, 12);['O', 0]
(16, 12);['O', 0]
(18, 12);['O', 0]
(20, 12);['O', 0]
(21, 12);['O', 0]
(22, 12);['O', 0]
(19, 12);['O', 0]
(17, 12);['O', 0]
(2, 10);['O', 0]
(3, 10);['O', 0]
(4, 10);['O', 0]
(5, 10);['O', 0]
(5, 12);['O', 0]
(5, 11);['O', 0]
(5, 13);['O', 0]
(5, 14);['O', 0]
(5, 15);['O', 0]
(5, 16);['O', 0]
(3, 16);['O', 0]
(2, 16);['O', 0]
(4, 16);['O', 0]
(3, 15);['O', 0]
(4, 14);['O', 0]
(4, 15);['O', 0]
(3, 14);['O', 0]
(4, 13);['O', 0]
(4, 12);['O', 0]
(4, 11);['O', 0]
(3, 11);['O', 0]
(3, 12);['O', 0]
(2, 12);['O', 0]
(2, 13);['O', 0]
(3, 13);['O', 0]
(2, 14);['O', 0]
(2, 15);['O', 0]
(2, 11);['O', 0]
(14, 10);['O', 0]
(14, 11);['O', 0]
(14, 12);['O', 0]
(13, 12);['O', 0]
(13, 11);['O', 0]
(13, 10);['O', 0]
(12, 10);['O', 0]
(11, 10);['O', 0]
(10, 10);['O', 0]
(12, 11);['O', 0]
(11, 11);['O', 0]
(10, 11);['O', 0]
(10, 12);['O', 0]
(11, 12);['O', 0]
(12, 12);['O', 0]
(16, 11);['O', 0]
(17, 11);['O', 0]
(19, 11);['O', 0]
(21, 11);['O', 0]
(22, 11);['O', 0]
(20, 11);['O', 0]
(18, 11);['O', 0]
(12, 13);['O', 0]
(13, 13);['O', 0]
(12, 14);['O', 0]
(13, 14);['O', 0]
(13, 16);['O', 0]
(12, 15);['O', 0]
(13, 15);['O', 0]
(12, 16);['O', 0]
(12, 17);['O', 0]
(13, 17);['O', 0]
(16, 14);['O', 0]
(17, 14);['O', 0]
(16, 15);['O', 0]
(17, 16);['O', 0]
(17, 15);['O', 0]
(16, 16);['O', 0]
(16, 17);['O', 0]
(17, 17);['O', 0]
(5, 4);['O', 0]
(5, 3);['O', 0]
(5, 2);['O', 0]
(4, 2);['O', 0]
(4, 3);['O', 0]
(9, 5);['O', 0]
(5, 21);['O', 0]
(6, 21);['O', 0]
(7, 21);['O', 0]
(7, 22);['O', 0]
(7, 23);['O', 0]
(7, 24);['O', 0]
(6, 24);['O', 0]
(6, 23);['O', 0]
(6, 22);['O', 0]
(5, 22);['O', 0]
(5, 23);['O', 0]
(5, 24);['O', 0]
(12, 37);['O', 0]
(13, 37);['O', 0]
(13, 36);['S', 0]
(12, 36);['S', 0]
(13, 35);['O', 0]
(12, 35);['O', 0]
(12, 34);['O', 0]
(13, 34);['O', 0]
(13, 33);['O', 0]
(12, 33);['O', 0]
(12, 32);['O', 0]
(13, 32);['O', 0]
(13, 31);['O', 0]
(12, 31);['O', 0]
(13, 30);['O', 0]
(12, 30);['O', 0]
(12, 29);['O', 0]
(13, 29);['O', 0]
(13, 28);['O', 0]
(12, 27);['O', 0]
(13, 27);['O', 0]
(12, 28);['O', 0]
(11, 27);['O', 0]
(11, 28);['O', 0]
(10, 28);['O', 0]
(10, 27);['O', 0]
(14, 27);['O', 0]
(14, 28);['O', 0]
(15, 28);['O', 0]
(15, 27);['O', 0]
(16, 27);['O', 0]
(16, 28);['O', 0]
(17, 28);['O', 0]
(17, 27);['O', 0]
(9, 27);['O', 0]
(9, 28);['O', 0]
(22, 21);['O', 0]
(21, 21);['O', 0]
(21, 22);['O', 0]
(22, 22);['O', 0]
(21, 23);['O', 0]
(22, 23);['O', 0]
(21, 24);['O', 0]
(22, 24);['O', 0]
(21, 25);['O', 0]
(22, 25);['O', 0]
(6, 15);['O', 0]
(7, 15);['O', 0]
(8, 15);['S', 0]
(10, 15);['O', 0]
(11, 15);['O', 0]
(9, 15);['S', 0]
(15, 32);['F', 0]
(15, 34);['F', 0]
(15, 35);['F', 0]
(15, 36);['F', 0]
(16, 32);['F', 1]
(16, 34);['F', 1]
(16, 35);['F', 1]
(17, 32);['F', 1]
(17, 33);['F', 1]
(17, 34);['F', 1]
(17, 35);['F', 1]
(17, 36);['F', 0]
(18, 34);['F', 3]
(18, 35);['F', 2]
(18, 36);['F', 1]
(18, 30);['F', 1]
(18, 31);['F', 2]
(18, 32);['F', 3]
(18, 33);['F', 3]
(19, 30);['F', 2]
(19, 31);['F', 3]
(19, 32);['F', 3]
(20, 29);['F', 2]
(20, 30);['F', 2]
(20, 31);['F', 3]
(20, 32);['F', 3]
(20, 33);['F', 3]
(21, 29);['F', 2]
(21, 32);['F', 2]
(21, 33);['F', 2]
(22, 30);['F', 2]
(22, 31);['F', 2]
(15, 22);['F', 3]
(16, 24);['F', 3]
(16, 25);['F', 3]
(17, 22);['F', 2]
(17, 23);['F', 2]
(17, 24);['F', 2]
(17, 25);['F', 2]
(17, 26);['F', 2]
(18, 22);['F', 0]
(18, 23);['F', 1]
(18, 25);['F', 2]
(19, 28);['F', 1]
(20, 25);['F', 1]
(20, 26);['F', 1]
(20, 27);['F', 2]
(20, 28);['F', 1]
(21, 26);['F', 1]
(21, 27);['F', 2]
(21, 28);['F', 1]
(22, 27);['F', 2]
(22, 28);['F', 1]
(19, 34);['F', 2]
(19, 35);['F', 1]
(19, 36);['F', 0]
(20, 34);['F', 2]
(20, 35);['F', 1]
(20, 36);['F', 0]
(21, 34);['F', 1]
(21, 35);['F', 0]
(22, 33);['F', 1]
(22, 36);['F', 4]
(4, 29);['F', 0]
(4, 31);['F', 1]
(4, 33);['F', 2]
(5, 32);['F', 3]
(5, 33);['F', 3]
(6, 29);['F', 2]
(6, 30);['F', 3]
(6, 31);['F', 3]
(6, 32);['F', 3]
(6, 33);['F', 2]
(7, 30);['F', 3]
(7, 31);['F', 3]
(7, 32);['F', 3]
(7, 33);['F', 2]
(8, 30);['F', 2]
(8, 33);['F', 2]
(4, 36);['F', 1]
(5, 36);['F', 1]
(6, 35);['F', 0]
(6, 36);['F', 0]
(6, 37);['F', 0]
(7, 35);['F', 0]
(8, 35);['F', 1]
(8, 34);['F', 0]
(8, 36);['F', 0]
(9, 32);['F', 2]
(9, 36);['F', 0]
(10, 32);['F', 1]
(10, 33);['F', 0]
(10, 34);['F', 0]
(10, 35);['F', 0]
(10, 36);['F', 0]
(11, 34);['F', 0]
(11, 36);['F', 0]
(7, 29);['F', 1]
(8, 28);['F', 1]
(8, 29);['F', 1]
(8, 31);['F', 1]
(8, 32);['F', 1]
(9, 29);['F', 1]
(9, 31);['F', 1]
(10, 30);['F', 0]
(10, 31);['F', 0]
(3, 30);['F', 0]
(3, 33);['F', 1]
(4, 32);['F', 1]
(5, 30);['F', 1]
(5, 31);['F', 1]
(5, 34);['F', 1]
(6, 34);['F', 0]
(2, 32);['F', 0]
(2, 33);['F', 0]
(2, 34);['F', 0]
(2, 35);['F', 0]
(3, 32);['F', 0]
(3, 34);['F', 0]
(3, 35);['F', 0]
(3, 36);['F', 0]
(4, 35);['F', 0]
(5, 35);['F', 0]
(9, 30);['F', 0]
(6, 27);['F', 0]
(7, 25);['F', 0]
(7, 27);['F', 0]
(7, 28);['F', 0]
(8, 24);['F', 1]
(8, 25);['F', 1]
(8, 26);['F', 1]
(8, 27);['F', 1]
(9, 24);['F', 3]
(9, 25);['F', 3]
(9, 26);['F', 3]
(9, 23);['F', 2]
(10, 23);['F', 2]
(10, 24);['F', 2]
(10, 25);['F', 2]
(10, 26);['F', 2]
(11, 24);['F', 2]
(11, 25);['F', 2]
(12, 23);['F', 3]
(11, 23);['F', 1]
(11, 26);['F', 1]
(12, 24);['F', 2]
(12, 26);['F', 1]
(13, 22);['F', 2]
(13, 26);['F', 3]
(14, 22);['F', 2]
(14, 23);['F', 2]
(14, 24);['F', 2]
(14, 25);['F', 2]
(14, 26);['F', 2]
(15, 25);['F', 2]
(15, 26);['F', 2]
(16, 26);['F', 2]
(13, 23);['F', 2]
(13, 25);['F', 2]
(15, 23);['F', 1]
(15, 24);['F', 1]
(16, 22);['F', 1]
(16, 23);['F', 0]
(13, 24);['F', 0]
(19, 23);['F', 0]
(19, 26);['F', 0]
(20, 23);['F', 0]
(20, 24);['F', 0]
(22, 26);['F', 0]
(19, 27);['F', 0]
(21, 30);['F', 1]
(21, 31);['F', 1]
(16, 31);['F', 0]
(17, 31);['F', 0]
(20, 16);['F', 0]
(21, 14);['F', 0]
(21, 15);['F', 0]
(22, 14);['F', 0]
(22, 15);['F', 0]
(22, 16);['F', 0]
(22, 17);['F', 0]
(22, 18);['F', 0]
(18, 8);['F', 3]
(19, 8);['F', 1]
(19, 9);['F', 1]
(20, 8);['F', 1]
(20, 9);['F', 1]
(20, 10);['F', 1]
(21, 8);['F', 1]
(21, 10);['F', 1]
(22, 8);['F', 1]
(22, 9);['F', 1]
(22, 10);['F', 1]
(18, 6);['F', 4]
(18, 7);['F', 2]
(18, 10);['F', 0]
(20, 6);['F', 2]
(20, 7);['F', 0]
(21, 9);['F', 0]
(22, 6);['F', 2]
(18, 3);['F', 1]
(18, 4);['F', 3]
(19, 3);['F', 1]
(19, 4);['F', 1]
(20, 2);['F', 1]
(20, 3);['F', 1]
(20, 4);['F', 1]
(20, 5);['F', 1]
(21, 3);['F', 1]
(21, 5);['F', 1]
(22, 3);['F', 1]
(18, 2);['F', 0]
(19, 6);['F', 0]
(21, 6);['F', 0]
(12, 6);['F', 0]
(13, 5);['F', 0]
(13, 7);['F', 0]
(14, 5);['F', 2]
(14, 6);['F', 2]
(14, 7);['F', 2]
(15, 4);['F', 2]
(15, 5);['F', 2]
(15, 6);['F', 2]
(16, 4);['F', 2]
(16, 5);['F', 2]
(16, 6);['F', 2]
(15, 7);['F', 1]
(16, 7);['F', 1]
(16, 8);['F', 1]
(17, 4);['F', 1]
(17, 5);['F', 1]
(17, 6);['F', 1]
(17, 7);['F', 1]
(17, 8);['F', 0]
(18, 5);['F', 0]